1130333
2908185
1131755
4933347
1178579
1130818
1964612
3999087
1178128
3233611
6507314
1177810
1132635
6005242
3743542
1130286
6333949
1178312
3943030
5814978
1179812
1157516
1179071
1157096
4154590
4079657
1129394
3141506
3807357
5357703
3821514
1179735
6211536
5160432
3830588
1179782
3559558
1157712
6234394
888192
6294868
4759012
1132098
3853817
4738998
3281562
1328945
2382936
1132716
1129323
1129347
6252973
1090270
6379135
3207273
5219985
6225871
1177919
1131865
1179199
198152
1157493
1130373
6188048
486609
3194113
5518392
4910486
1178734
1179689
1264940
1179607
1157827
1130994
4450495
1132853
1178668
1128993
3150250
6495146
6244745
838624
3210827
1132909
3285348
1130690
1178933
1178992
1157041
1131696
6065694
5478957
135883
5762145
1132920
1131807
6273768
1972086
1177842
1179780
1179705
3819179
4777283
3480986
1179125
4139644
1551666
1130938
1129685
6196205
1157189
4794582
3472520
1178401
510665
1165599
1617143
4838245
4115834
1131251
1833599
6088904
4076863
1157805
1178370
5726116
1504578
5297835
4634870
4275240
1157868
2349047
1157573
1157951
4379872
5825117
5885949
1179568
4834080
1131946
818365
1179828
1132664
1179200
4917894
1130722
594167
3730205
1157876
6141189
486258
590652
1272853
3453484
1158066
1061679
1132341
3097117
1132273
5831087
1132238
988953
3862639
4802957
2609356
1157548
1130918
2219257
5854984
3923711
5038713
4799674
1129525
1178519
786516
1129041
5582063
4108456
1130937
1157442
1131544
1129693
3265457
3645976
4686193
1728705
2975394
3408966
1179552
3916354
1131150
2267726
1157753
5838434
4391421
3495133
1157605
4063082
1132879
205008
499010
166855
1131165
1132682
3164581
956431
1132331
3398583
1131002
1131485
2848279
1178208
1179822
5962657
3334671
5278056
1178152
3904725
3738647
2680201
217998
4456867
3758791
462666
1129203
6309824
6067267
791905
1129961
2927923
4721489
1178419
4654199
1157952
6123579
51797
5224667
1178138
109923
5370250
1129042
5386299
2628888
5576955
5165600
1129161
1130701
1129369
4637957
1131024
6337741
4616315
1179755
6032052
1179793
1129967
170135
1924607
3464620
3360526
1179690
1157085
1132332
6049136
1247477
2476107
5809216
4762687
1130062
3835621
6126000
3500063
1579268
1132117
42921
4778388
1800967
1403384
1158057
2746095
4238236
5573552
1179192
1157737
1178197
5093265
1129488
4916238
1157223
5908871
3531836
177280
1440468
3742569
1718796
1131092
1793904
1131019
1179836
1129710
1179252
1128867
3520046
1157750
3844618
5110562
4771213
3830926
1132029
3772832
3398321
1131253
5399697
1131355
1803032
1114627
4397091
5518232
1178611
352365
2928831
934641
1658745
6053678
3896562
4069660
5220328
1020425
879629
3500941
6202880
1132791
1132978
1130390
3203266
1130854
3847563
1157500
1179898
4934510
5992535
3904383
3402656
1157666
444032
6231725
1178066
1653134
1157489
1958459
1130545
1131969
1129560
4845608
3227732
3686401
2462431
4829999
5862677
3184126
1466718
5439155
1132460
2374058
681490
3915875
92528
1177826
6451658
1647169
1158026
4087230
1958751
1340730
1179278
4655885
2732401
1157943
3488423
1130067
2807938
1157501
1178676
6301978
1178926
4538606
5997639
1207614
1132876
1178460
1178608
1178110
1179562
1130110
880451
5366988
803832
1178966
1157161
1131744
1131646
6235141
3702107
3477148
1189135
458488
1131851
2779791
6123908
1157219
1132337
1584943
2787898
3923910
1132790
1130407
1130327
1130038
3816836
5055625
6535759
4530022
3955403
1131456
1157072
4434958
5917161
1179611
3943738
1131972
3254352
4020695
1179783
6581035
1178496
1130998
1179420
4030832
1132168
1157815
1157289
6284233
1130981
1179792
4143615
1131156
2400732
3871452
5566711
1130875
5600762
6063627
1132639
4514333
1178690
6160641
4800900
1132388
6491927
3182887
1178415
6144732
1131742
3609835
5445327
3778876
1132821
5478950
610587
1132371
1133082
896088
1132066
6322543
3055709
3730537
1131461
3875772
1132242
1157204
414603
6250051
2529793
1129383
1083919
5761429
5776804
1131072
1157733
1157323
1178806
199089
5253367
6021659
1131600
1044417
3875045
1131728
1157935
6215411
255922
6165735
5458519
1179658
1130277
1824234
1179214
1132139
1734085
1158045
2461909
6132551
535412
1179481
827430
3162242
4938844
858694
4397038
595959
5197916
1690528
1132576
1132435
3840153
6523891
467885
6539112
1157097
3007226
5911470
219538
5601460
3902912
1131161
2706975
3871200
4247353
1129814
4560277
6051410
1882626
2940051
4955174
1179319
1157740
7740
488
2479
3668
4936
2518
3216
8456
5936
4408
4070
7025
4997
7737
2106
8064
1429
1370
3771
5120
4933
7342
1821
6554
5053
8001
3710
2105
555
4952
2286
6462
6022
11410
12329
16444
15990
13795
13601
11064
15834
14916
8904
15885
12606
11685
11020
13482
14576
11546
13527
11011
9708
10809
14525
13212
11745
11012
10693
10411
14674
9735
14106
11364
15545
11357
13664
15654
13260
13053
10890
12649
8654
10529
16208
15309
11625
14809
11699
10022
15469
16127
12241
13687
10591
15725
10320
10937
14672
10715
12252
13278
12991
16317
16270
16928
11553
15307
14875
15331
10402
15116
15808
14498
15793
12757
15758
15321
8794
8726
9023
14597
10741
16895
14291
9081
12171
11858
8566
15209
12896
11474
9913
9140
13944
10751
12573
13769
10622
13943
14589
12077
9947
10024
13279
11697
11647
12147
13015
11116
10111
16920
14478
10775
12867
8818
10997
12161
15451
9242
10179
10173
12381
15862
8617
10534
12466
9919
16500
16714
8959
15247
12901
10805
11840
13988
11212
15024
9307
9365
8962
9011
10691
13786
17079
16122
13122
13021
11919
15835
9983
13535
16543
16942
8795
11704
15095
12733
9038
11217
14254
15260
12851
16978
12603
16262
16498
16438
10629
10648
10508
16561
12353
9729
10784
13777
14198
14365
12070
8539
9753
12340
14442
11590
11272
17019
13965
9574
10711
12657
12927
12620
13878
8961
15063
16364
8610
10082
13853
16105
10468
9759
9001
14323
12042
12985
11070
14212
15423
16139
9580
16784
12018
8884
14293
15339
13658
13084
11940
15155
10874
12712
10324
13961
16184
10303
14602
11567
13352
12474
13689
16652
15747
10369
8562
16399
15795
11691
15936
10047
11126
11575
16603
12057
9093
15076
14625
12514
12056
14937
16590
12507
14139
13033
11379
13799
8977
16587
8971
9772
11715
10710
10205
12428
13054
11127
15586
9695
14243
11492
11399
16985
11817
11500
16661
13029
9756
13810
15251
10000
14052
10695
9581
16916
11859
9486
14628
8843
16342
14190
8767
14764
12376
14000
15511
14604
13447
15951
13762
11962
9213
12900
14891
13203
9238
8895
9303
12163
12373
11683
10327
16233
15880
14072
9557
12506
10163
12805
9530
10356
11612
11264
13915
9824
15780
14828
9401
14652
11175
10577
15802
14895
14793
13301
10276
13218
15914
11228
12693
16772
11485
16440
14521
16193
13552
10668
8824
10617
11913
16138
10497
14572
16187
12930
14779
16400
12279
13732
9555
16493
8950
9895
16695
13928
11988
14603
8812
13556
12440
12321
9643
11633
14391
11509
13648
13701
8862
14180
12004
13444
9084
10755
9202
16279
14126
15010
14298
16169
13486
10651
16619
12158
10912
16134
17092
15628
15457
11934
16085
9585
13608
11616
14949
13150
10558
14085
10387
13536
12941
15510
13008
9933
11730
8940
14363
14873
9359
13518
9086
11439
8762
14760
13798
11544
14457
11121
12088
15655
11589
13917
12720
8987
13353
15077
10757
14596
11818
15405
11873
16425
12843
10621
16649
12819
11921
10945
12589
9656
11721
13809
9253
13886
11896
8577
14417
17035
11779
17006
12342
16822
16956
13939
13351
10414
8751
12801
13107
13854
10646
16741
10702
9706
14846
15702
12366
16032
11928
15864
8931
9450
17066
13323
15826
9952
15343
9272
10426
14302
9400
10566
14059
14269
12318
14504
14354
10403
9807
13039
13639
12993
14494
14995
15940
14378
13551
11976
14461
12633
14732
1772426
6565925
186488
5829926
1432684
2722680
1885685
2422672
5743531
3095289
4268016
6412954
2109345
4414562
4454740
5977998
5109794
383930
671528
1142684
5996383
550909
4814973
151699
4191238
1259941
3597894
4028278
2762012
6439592
5848935
6145140
3557491
5256945
3388781
2872344
4929951
4251692
4058152
5196152
941997
1875873
1732595
6245568
842073
1933535
663615
1884282
5179605
6506848
15171
3352727
1214210
1082645
2284358
5114051
2542536
6552950
3866851
1078434
4731191
1090570
1188470
499671
3246978
5872306
5916356
5807523
3050893
5935334
6493763
1825218
5673501
907196
134682
4461292
3789253
5900026
4955238
5232256
943411
2320368
5904317
3690820
3401250
6422073
2615930
1408240
4777185
5008366
3404885
5826181
5434608
1133025
5104552
3158674
2027494
4216448
600008
1258385
4033411
3818441
5354543
69864
371770
1668784
2479923
1971984
2803917
6406277
2826015
5325155
3162606
4113023
3648674
5148893
1639782
3368305
5978537
5945425
541767
862085
2047829
3112393
2986202
1428028
2181268
5670501
4914235
11935
8966
10950
11828
11003
16506
9877
12999
12298
14820
12302
11226
12694
10957
12097
16247
9524
13344
12017
15017
9028
10275
12227
13315
15895
14914
12484
14599
15284
10697
15327
11258
10081
17021
16686
14979
12928
11404
12641
10473
13736
14634
8543
16310
8611
11727
9406
15879
12526
13127
14668
14075
10776
9642
8686
14772
10797
14264
8509
11983
10920
13826
15239
10488
1563312
1541594
1501570
1445322
1500438
1506559
1487681
1545449
1481244
1562869
1462235
1465309
1505902
1447749
1545681
1483325
1543349
1468587
1464522
1507661
1446762
1484889
1462034
1466438
1464215
1487437
1503737
1560175
1548329
1485870
1563276
1541042
1445767
1485268
1542157
1484550
1445433
1480604
1461777
1468847
1487907
1461612
1541121
1482896
1447208
1502096
1563184
1466882
1486449
1485765
1481592
1463807
1562260
1563108
1445615
1541481
1547898
1447582
1483431
1483407
1506330
1482960
1445129
1468238
1485711
1544899
1446132
1546911
1466222
1467571
1468741
1460852
1468166
1562491
1461877
1468431
1506483
1467496
1486442
1463158
1466619
1482170
1561170
1486844
1502358
1464312
1484180
1483641
1486527
1540272
1465641
1460815
1544699
1544968
1562758
1463395
1544657
1562002
1444854
1464262
1563286
1504985
1446379
1483880
1542799
1501315
1447616
1483797
1446842
1501438
1462714
1462869
1506057
1503093
1481912
1547429
1502441
1501436
1488034
1480209
1462713
1467745
1505693
1508103
1503982
1460935
1488114
1487533
1502606
1482678
1464722
1547895
1502455
1488334
1505389
1486998
1481283
1483759
1508159
1506946
1543529
1460396
1461713
1562274
1486238
1501048
1500328
1560491
1502570
1545911
1465930
1466920
1548305
1485229
1483770
1560721
1507522
1483834
1445669
1562900
1447932
1486838
1468306
1445457
1500047
1540170
1445887
1561342
1541691
1545415
1485007
1486367
1507852
1480132
1503627
1540032
1464040
1505560
1543769
1561307
1543923
1507861
1462152
1500663
1543528
1447128
1487788
1507122
1500745
1484129
1562160
1446520
1547708
1467237
1546837
1484737
1468496
1480079
1546291
1446783
1481531
1540466
1466597
1487073
1560064
1480411
1460907
1460422
1500217
1548258
1541696
1543437
1461690
1562533
1500101
1507540
1501601
1562649
1468435
1465367
1463698
1446669
1542188
1462495
1563152
1461408
1462527
1466720
1500474
1481593
1507234
1485958
1468514
1505661
1542512
1546147
1504018
1463636
1543953
1444849
1501300
1467920
1468645
1542634
1444861
1485370
1484629
1547925
1507984
1560875
1465688
1460432
1563001
1481548
1465374
1446700
1506902
1483218
1462379
1488290
1548106
1466546
1445313
1485728
1501533
1508215
1466933
1463079
1501100
1484786
1461017
1445558
1447169
1488256
1560177
1561497
1446329
1548375
1487687
1541684
1485416
1488447
1460918
1562455
1541530
1481205
1540262
1545938
1465076
1506555
1547874
1461209
1447324
1483385
1467954
1508014
1445249
1482215
1546908
1486024
1447038
1507615
1466861
1544133
1503258
1545627
1485376
1488182
1545054
1547332
1503940
1465095
1461045
1560699
1447404
1466026
1545253
1561000
1504051
1466730
1484930
1480710
1547061
1484130
1502476
1445980
1506176
1463871
1483835
